0,565
350,4
350,3
350,2
350,1
350,0
349,3
349,2
349,1
349,0
348,3
348,2
348,1
348,0
347,4
347,3
347,2
0,564
347,1
347,0
346,3
346,2
346,1
346,0
345,4
345,3
345,2
345,1
345,0
344,3
344,2
344,1
344,0
343,4
343,3
343,2
343,1
343,0
342,4
342,3
342,2
342,1
342,0
341,5
341,4
341,3
341,2
341,1
341,0
340,4
340,3
340,2
340,1
340,0
339,3
339,2
339,1
339,0
338,4
338,3
338,2
338,1
338,0
337,4
337,3
337,2
337,1
337,0
336,4
336,3
336,2
336,1
336,0
335,4
335,3
335,2
335,1
335,0
334,3
334,2
334,1
334,0
333,4
333,3
333,2
333,1
333,0
332,3
332,2
332,1
332,0
331,4
331,3
331,2
331,1
331,0
330,3
330,2
330,1
330,0
329,3
329,2
329,1
329,0
328,4
328,3
328,2
0,563
328,1
328,0
327,3
327,2
327,1
327,0
326,4
326,3
326,2
326,1
326,0
325,3
325,2
325,1
325,0
324,4
324,3
324,2
324,1
324,0
323,4
323,3
323,2
323,1
323,0
322,5
322,4
322,3
322,2
322,1
322,0
321,4
321,3
321,2
321,1
321,0
320,3
320,2
320,1
320,0
319,4
319,3
319,2
319,1
319,0
318,4
318,3
318,2
318,1
318,0
317,4
317,3
317,2
317,1
317,0
316,4
316,3
316,2
316,1
316,0
315,3
315,2
315,1
315,0
314,4
314,3
314,2
314,1
314,0
313,3
313,2
313,1
313,0
0,562
312,4
312,3
312,2
312,1
312,0
311,3
311,2
311,1
311,0
310,3
310,2
310,1
310,0
0,561
309,4
309,3
309,2
0,560
309,1
309,0
308,3
308,2
308,1
308,0
307,4
307,3
307,2
307,1
307,0
306,3
306,2
306,1
306,0
305,4
305,3
305,2
305,1
305,0
304,4
304,3
304,2
304,1
304,0
303,5
303,4
303,3
303,2
303,1
303,0
302,4
302,3
302,2
302,1
302,0
301,3
301,2
301,1
301,0
300,4
300,3
300,2
300,1
300,0
299,4
299,3
299,2
299,1
299,0
298,4
298,3
298,2
298,1
298,0
297,4
297,3
